14953
211857
858454
266302
7074
77462
344310
208340
476028
33031
192372
1148334
64433
1183
2026
68491
37570
81580
727224
171663
17221
1626480
8988697
4572
2387793
41960
55603
4712768
42657
16827129
55449
252125
367132
3099999
69467
116327
1222666
192561
4178542
418301
6928
141805
2025576
10980617
190738
363820
7792528
2306088
1385593
57101
979580
674107
392568
23280125
312468
15878
338390
356446
4379874
1013128
506784
407162
1595448
1167712
98250
302273
106652
4872
115604
163358
23109
18433
1531763
1109291
1126859
1062622
358014
9164
9938142
1834351
2843
1895226
26057
589287
11985637
45122
303969
924470
32665
432828
285310
423716
1382511
5926687
419642
83331
1916490
6968123
939993
251584
